nearest_neighbour
0.0018339951833089192
0.007336227099100748
0.015573994318644205
0.03080601692199707
0.04808320204416911
0.07000307242075603
0.09592692057291667
0.12810518741607665
0.17758158047993977
simulated_annealing
11.621072284380595
18.0635401169459
25.669003677368163
31.600588607788087
44.44452967643738
48.06148864428202
54.07194550037384
60.0470560948054
65.32227732340495
ant_system
8.96132206916809
24.36916442712148
73.0795613447825
134.02970376809438
194.81924500465394
253.9257444938024
343.01332070032754
493.2392729997635
557.0425415436426
random_swaping
0.3891542911529541
1.45988609790802
2.7568283716837567
4.801125947634379
7.108561452229818
9.157059820493062
12.50643920103709
16.44976885318756
21.156263732910155
two_opt
0.4770312229792277
5.023781522115072
17.341964785257975
48.708817505836485
95.6015838543574
179.5537692228953
280.44635314941405
433.11270627975466
732.5694307645161
