nearest_neighbour
7568.2
10510.733333333334
13664.933333333332
15408.766666666666
17167.366666666665
18998.833333333332
20530.433333333334
22127.433333333334
23564.8
25012.433333333334
simulated_annealing
6854.9
9605.6
11760.9
13549.8
15618.333333333334
17049.866666666665
18667.133333333335
20395.366666666665
21961.866666666665
23523.833333333332
ant_system
6750.666666666667
9577.5
11737.066666666668
13548.633333333333
15796.8
17307.4
18836.866666666665
20554.066666666666
22107.333333333332
23487.333333333332
random_swaping
9225.166666666666
15913.466666666667
22414.766666666666
29082.3
35591.566666666666
44233.0
51040.8
58639.36666666667
65114.8
73406.5
two_opt
7265.566666666667
9769.333333333334
11720.033333333333
13727.733333333334
15770.766666666666
17428.7
18807.1
20237.3
21678.466666666667
23178.1
