nearest_neighbour
0.000409547487894694
0.0008971850077311198
0.0023019154866536456
0.004537272453308106
0.006665873527526856
0.010711956024169921
0.018202892939249673
0.022313292821248373
0.031658053398132324
0.037023345629374184
simulated_annealing
6.2416620333989465
8.420040376981099
10.608014750480653
13.690307362874348
15.017707324028015
17.261409076054893
19.296676993370056
21.557074292500815
24.17242232958476
27.134203203519185
ant_system
4.026486126581828
12.05204135576884
20.454121907552082
33.208352136611936
38.469747352600095
52.92958230177562
70.17861035664876
81.65953244368235
98.07220834891001
121.4837921778361
random_swaping
0.07907776832580567
0.25359469254811606
0.613979164759318
1.1480329910914102
1.5326943715413412
2.1979121526082355
2.642448870340983
2.992457803090413
3.4910351912180584
4.50658589998881
two_opt
0.016897980372111
0.18746650218963623
0.7384082317352295
1.971809983253479
4.038661074638367
7.664392558733622
12.224003974596659
20.10389438470205
27.681718079249062
40.47104708353678
