nearest_neighbour
10054.166666666666
13732.866666666667
16676.433333333334
19849.2
22583.733333333334
25366.9
27624.066666666666
30133.4
33091.26666666667
simulated_annealing
8657.533333333333
12360.633333333333
15291.233333333334
17657.3
20362.5
23181.2
25437.666666666668
28270.033333333333
31368.633333333335
ant_system
8651.833333333334
12549.233333333334
15329.633333333333
18094.533333333333
20352.266666666666
23248.8
25476.433333333334
27789.466666666667
30541.233333333334
random_swaping
13262.066666666668
23712.533333333333
35394.73333333333
46674.433333333334
58433.0
71606.93333333333
82070.33333333333
93438.76666666666
108003.7
two_opt
8699.733333333334
12533.466666666667
15694.666666666666
18045.133333333335
20572.466666666667
22719.933333333334
25055.433333333334
27110.166666666668
29536.666666666668
