nearest_neighbour
6442.2
9138.633333333333
10637.033333333333
12712.833333333334
14100.166666666666
15338.333333333334
16437.6
17416.933333333334
18588.7
19567.966666666667
simulated_annealing
5498.866666666667
7729.633333333333
9312.3
10861.833333333334
12379.666666666666
13527.166666666666
14866.433333333332
15839.1
17087.833333333332
18153.666666666668
ant_system
5336.333333333333
7571.7
9595.4
11115.6
12347.4
13718.0
14981.933333333332
15896.366666666667
16941.2
18118.2
random_swaping
6914.966666666666
11193.433333333332
14813.233333333334
18594.3
23034.333333333332
26906.133333333335
30923.933333333334
35688.166666666664
40568.933333333334
45151.96666666667
two_opt
5526.066666666667
7982.066666666667
9703.333333333334
11205.933333333332
12608.033333333333
14062.5
14772.7
16181.966666666667
17361.533333333333
18454.266666666666
