nearest_neighbour
3296.7
4929.4
6360.4
6977.1
8158.9
8609.666666666666
9460.2
9617.966666666667
10320.6
10642.0
simulated_annealing
3074.7
4244.833333333333
5381.933333333333
5993.766666666666
6632.7
7273.333333333333
7948.7
8447.1
8928.633333333333
9275.1
ant_system
3104.0666666666666
4015.633333333333
5151.166666666667
5925.933333333333
6629.033333333334
7254.5
7975.133333333333
8391.6
8773.466666666667
9243.5
random_swaping
3047.7
4886.366666666667
6670.433333333333
8169.8
9353.4
10443.133333333333
12176.366666666667
12906.1
14261.266666666666
15586.5
two_opt
3066.0
4374.5
5623.133333333333
6392.7
7097.266666666666
7551.0
8163.566666666667
8614.266666666666
8900.733333333334
9402.066666666668