nearest_neighbour
6648.5
10958.266666666666
12509.933333333332
14276.333333333334
19492.4
22860.3
24116.8
26956.033333333333
33324.13333333333
simulated_annealing
6168.5
9951.366666666667
11693.7
12828.5
17798.766666666666
21432.233333333334
22921.133333333335
25219.2
31462.533333333333
ant_system
6042.833333333333
9986.333333333334
11768.366666666667
12706.266666666666
17798.8
21419.766666666666
22967.466666666667
24925.7
30515.366666666665
random_swaping
8702.866666666667
17032.2
24820.1
33237.36666666667
47683.13333333333
61001.73333333333
72942.03333333334
84824.86666666667
108251.6
two_opt
6198.5
10066.6
11785.366666666667
12783.3
17610.533333333333
21012.1
22254.9
24166.033333333333
29608.233333333334
