nearest_neighbour
0.00010013580322265625
6.692409515380859e-05
0.00023366610209147137
0.0005204121271769206
0.0005708138147989908
0.0008844852447509766
0.001433722178141276
0.0018564303716023763
0.002531266212463379
0.00406483014424642
simulated_annealing
4.839007782936096
5.347245947519938
6.056726821263632
6.901659409205119
7.8244651556015015
8.984111436208089
9.517183407147725
10.186102064450582
11.988976224263508
12.43651069800059
ant_system
0.645831831296285
1.8880907376607259
4.715773765246073
7.002222490310669
9.332692019144694
13.474853857358296
14.96080748240153
17.202298386891684
18.933014607429506
23.33255650202433
random_swaping
0.041781314214070636
0.05265198548634847
0.08175033728281657
0.11490023930867513
0.18754153251647948
0.27056153615315753
0.3741747379302979
0.588728133837382
0.6718324422836304
0.8486439069112142
two_opt
0.00013322035471598307
0.0038721164067586264
0.017434922854105632
0.04724549452463786
0.10419232845306396
0.202115797996521
0.33910032908121746
0.5134118318557739
0.804474147160848
1.2052087704340617
