nearest_neighbour
0.0005336443583170573
0.0026972691218058267
0.010663032531738281
0.012344900767008464
0.019855610529581704
0.02871402104695638
0.04195723533630371
0.05717804431915283
0.07551973660786947
0.09685289859771729
simulated_annealing
7.662599023183187
11.315920972824097
14.979985960324605
18.778875192006428
22.444879666964212
27.526159890492757
32.44274397691091
37.18646481831868
41.972557830810544
46.20580642223358
ant_system
7.757574844360351
20.63643781344096
39.674779685338336
61.98113561471303
88.03709364732107
119.56362434228261
152.4349584341049
183.9280181646347
215.78643000125885
301.8569669961929
random_swaping
0.18401883443196615
0.7571641683578492
1.5665873209635417
2.558119297027588
3.3170209487279254
3.9501577377319337
5.413150517145793
6.63586654663086
8.84292589823405
10.801229111353557
two_opt
0.103659987449646
1.0597044626871746
3.933591667811076
10.92586654027303
21.855513048171996
36.59370835622152
65.99591501553853
98.1751899878184
149.72200078169504
229.48192256291708
